495
685
670
995
660
586
321
363
64
538
425
684
605
963
283
721
880
617
314
34
494
217
612
390
645
759
628
867
292
388
382
900
869
340
185
192
717
313
702
585
384
927
406
648
344
830
716
743
957
435
522
742
960
549
836
983
206
574
459
222
34
23
777
587
675
823
809
511
252
427
933
737
842
822
469
993
412
17
832
476
262
907
765
775
386
96
830
654
218
630
653
900
638
392
402
1
981
738
469
318
23
943
980
341
276
675
732
911
654
606
449
905
997
68
493
352
246
940
211
139
404
238
930
460
885
532
875
397
281
689
786
237
526
883
803
355
818
502
675
999
565
529
129
270
468
356
45
199
146
269
845
413
858
94
820
879
247
742
423
401
467
525
222
872
913
742
306
702
189
898
550
11
673
281
429
836
893
506
813
33
947
724
190
987
191
457
224
78
30
918
775
406
426
819
469
99
836
64
971
769