9963
4301
4501
8471
1676
9884
1947
8283
6876
3025
2629
7713
6527
1940
697
8513
6668
9294
183
5808
1417
8969
8306
1258
7568
9332
7920
2259
9467
7130
7510
9909
7157
241
5038
7912
1244
6122
8191
2862
9987
4139
8498
7250
5757
8344
4367
2547
5985
2206
1934
7583
2088
1154
5167
1963
204
893
8062
7543
1385
1858
1017
4600
1125
2426
2504
944
9867
8408
189
4947
9614
5678
320
3657
5353
7968
8779
2825
7245
5540
113
1964
8612
6273
3759
7510
2385
2488
3308
9314
7998
2112
3054
6267
166
4918
5744
1567
3776
9274
9685
2495
2495
7323
5667
1812
4384
4083
2782
3957
7857
6098
7909
4521
2755
2361
7989
6416
3207
6396
868
2275
6402
1170
7434
3849
3648
9192
7891
2728
5261
2670
9343
7110
1771
1665
6754
6379
9420
1701
99
4502
9986
2483
3053
7997
4551
3215
4711
2364
7015
8189
285
4335
483
9657
4226
8815
6762
5550
2011
6728
237
1931
8799
6529
6275
4362
8521
3398
3644
5908
4556
5382
3970
9998
6880
7343
7301
4406
7986
8787
3107
7972
9977
3802
5840
2182
7503
1985
9803
2760
5682
4335
9959
8076
8201
4654
5785
9798
5711
4266
9042
8040
8083
6475
1813
4869
1677
895
3828
4412
7287
7131
7086
5427
2179
4768
5451
4956
8074
8687
4006
9734
9748
3259
751
2787
3739
5737
7105
8198
7924
3954
4997
136
6811
4913
3519
5003
9455
8697
8747
7498
1298
2254
4375
9745
6076
8837
6059
178
4101
1998
8062
7056
7025
8513
8713
683
3350
9219
3299
6231
6794
7024
3092
811
9617
7181
1764
638
3040
3148
544
2192
7082
7717
3103
6964
2422
7008
4159
4399
8520
8161
9658
2090
4036
2446
1349
1240
3378
597
501
4425
1129
5570
7067
4176
4008
4648
7149
3298
8275
3214
4681
2899
8818
6966
510
7097
9970
2895
9571
4317
5034
1256
9592
9784
6030
6815
3558
382
8908
5361
8133
8061
2435
3221
5138
6840
7893
3019
1516
7785
6808
2730
3766
5870
7981
5802
3580
7367
7862
7205
384
199
9991
7714
995
7358
4806
9087
3950
3400
756
801
2348
9168
8896
1509
1940
5510
2692
1294
7391
2904
2635
635
3581
9831
8253
8192
3813
7469
9086
1017
3571
6951
1195
9481
967
2438
2294
1303
3540
7096
960
4909
9265
6929
6087
6929
9058
2598
7507
2663
6043
5422
5922
9344
7987
5632
807
3951
6299
390
3402
3002
5215
614
2086
9906
9117
1379
954
3268
4569
1220
1638
1339
654
4488
6743
9179
6415
7223
9699
9485
4135
1149
4042
7861
3765
9992
5208
4545
7825
7133
6470
6130
6358
9807
6699
5244
3469
2821
8590
8410
7600
1732
4053
2502
8578
9717
5223
209
4306
4156
9408
1295
1171
1802
4851
2407
3319
9538
4123
4914
9190
1485
7899
1463
8752
5747
6591
4891
2835
6042
2004
4686
8084
7688
3339
7732
4950
5439
539
6468
8369
5936
8801
6385
3383
1458
4915
1776
8745
3809
5945
8441
9991
8192
5309
7697
1978
7309
1213
9959
2308
9613
9635
8646
2652
273
9573
8319
5683
8718
3393
7671
4283
1543
8511
5084
5744
8259
6312
7261
971
2331
9145
3470
1981
2779
3628
4449
7117
205
3101
9694
6906
4170
9511
3058
5225
1354
1716
7186
7
2795
1005
349
4342
970
5898
4489
8348
169
8861
2167
1379
9168
6377
4815
5098
8283
2081
7220
3312
1202
3988
9775
7269
4881
709
5097
3167
6904
5657
3082
1586
1658
5118
402
2513
2474
6220
4330
1371
1332
6361
2469
1687
8624
7507
7971
6857
8615
414
8131
575
8927
4308
499
2664
55
9941
6598
3886
7692
221
8877
9540
8168
6703
9225
1890
1218
2195
4952
5341
6976
9583
1488
9686
2914
8120
507
5925
2726
3058
8847
763
655
9407
4174
8531
5040
2161
9550
1789
5296
5083
1877
4502
9412
9140
5871
6519
130
722
1381
8032
4655
2562
5212
1741
6086
5952
3828
771
6883
2835
9789
7552
8507
5833
5524
1546
1839
7636
7441
1960
7235
2706
6719
7732
574
1034
548
5873
6731
9102
3796
8310
2444
5481
3812
4714
5523
2257
1470
5142
6827
3191
679
7753
2600
8199
2702
1355
2542
4588
8323
291
3782
4967
5369
1411
9665
4576
8855
8688
4969
4308
5749
1809
6473
3783
773
3740
9043
8876
5774
690
2852
662
6121
5700
7837
4706
3361
273
6308
8123
7065
7662
7738
4098
5367
8208
3306
2979
8122
7956
1101
1635
1318
4933
819
804
5103
2735
4617
2179
8361
3133
8219
8809
7682
6779
2590
5941
5887
7648
7873
8169
4275
378
6632
1850
7561
4705
8754
4303
2870
3661
9189
3661
9646
6432
2356
7227
4611
9703
2622
512
6612
6858
3377
1451
191
4379
3364
2359
2264
7565
7916
5307
220
8403
509
8004
9177
5232
3082
5569
5189
3519
5377
531
9844
3262
6393
2217
4605
2191
7573
4029
618
6796
4984
9079
5829
9027
9801
3742
2695
8300
5476
9976
2484
1111
1968
8230
1569
8063
3420
6494
3072
4390
5296
8501
4506
6510
1253
9739
2541
4397
1108
9305
5193
6967
9813
8797
5035
5953
7354
764
5582
9441
5655
4629
6376
2945
7159
5568
3650
3686
7531
3323
2264
427
8080
4923
8506
9337
7961
579
169
253
4851
1323
6231
3499
1753
2508
6753
2994
216
3703
4464
8849
7769
2545
4247
9650
5038
6740
6276
6557
5191
6340
8912
9355
1809
3358
2728
6636
9321
1709
432
9031
1578
7701
8150
8254
9789
8974
5189
1741
9315
6185
4419
8042
1337
9565
4271
4550
4930
9768
9447
7872
3860
1999
6739
7782
1888
8155
8752
5435
2062
9460
6316
4199
2694
2698
1769
5007
1612
9492
9835
7290
7442
3686
7403
7739
358
7996
4485
9139
2182
7692
9695
6297
9343
2361
38
4995
8579
2472
7667
1519
6176
4018
9149
4304
4821
5499
7740
6258
2698
9865
1814
3860
8328
4584
4666
4790
3915
5472
9261
12
7892
373
7578
1692
279
8986
1771
4599
702
5852
6836
8837
3939
8336
9274
4423
4900
6259
4373
5325
8244
3609
495
293
1290
9719
4578
7237
136
7556
361
2108
1369
7989
3822
1300
5766
63
4215
7080
3991
2494
2331
8903
8581
9279
1688
9611
2963
8235
5955
7662
9327
2497
4548
6347
982
5631
7945
294
5239
7967
2289
1549
684
8634
1306
4953
3832
1774
3561
345
8561
7750
771
5077
1603
2928
5135
1657
9409
4086
5642
7854
5940
1593
561
3090
4975
2981
4513
7010
9951
9988
5652
1037
8376
5954
5722
7912
8260
8082
9172
5002
5403
3189
1622
6986
990
7949
7844
2896
6056
3053
5124
3599
5137
1182
7550
4058
284
4058
9004
4611
4222
7538
4550
7426
7646
9547
8226
1716
2237
3193
9828
3652
8681
3072
6362
973
87
5529
7687
9720
5935
2324
3221
6962
7540
8644
642
1285
7274
93
858
3703
1920
3290
1900
5911
9350
5992
3257
8624
6141
6049
8754
3513
4181
1037
4205
3089
2518
6661
6240
876
7195
7818
1443
8596
8636
5652
2111
600
8173
6846
9468
6702
9553
3371
2227
6737
476
8107
289
7264
8074
3652
8504
1334
4160
9692
4477
4796
3454
2987
3613
9358
575
6780
3935
5893
5628
1693
8853
5213
2797
3696
1846
4359
454
1567
429
4538
5854
2409
9046
3577
7306
2294
1933
8751
9269
2112
7630
8118
6584
2572
4458
195
3755
3665
192
7038
5605
6575
3524
2236
8909
340
8669
7204
3844
1339
9955
9304
5816
5980
5138
9011
269
3737
6211
171
9952
9634
9361
282
5037
12
3709
4694
2210
4102
4675
1073
6115
4938
8190
3517
923
9249
5488
6019
7265
4528
4919
9629
5873
7696
2009
3185
5097
588
2274
4026
5432
957
6774
1044
2544
7883
7258
38
1650
2481
4297
5363
4932
7974
148
1377
3101
8130
8745
7303
6643
1472
8045
6289
190
6452
1957
2304
9552
3785
5585
3167
2016
2950
2459
5503
8854
179
9436
1330
3881
1396
1569
1609
1018
775
6725
1430
2994
9837
8341
6574
4211
9318
70
4661
4341
7074
8767
3534
697
295
6454
4504
9853
797
470
4901
4674
2097
7294
6108
1276
7892
297
3848
7249
9656
8731
773
4944
1576
4115
2403
5780
9367
8738
8164
4862
4327
8695
5581
8182
6706
4993
8316
2091
3797
6191
6305
1849
380
295
4021
3101
5894
5958
6278
4212
8536
9538
6039
988
9368
8358
5143
3352
1017
8250
8777
9401
7338
8352
3522
3129
6994
7858
5367
427
6098
6456
8934
9691
1869
8907
5808
5166
8889
2474
8560
7117
1559
8572
7191
278
31
3608
5549
6757
9959
2007
9955
2671
7757
2178
5498
2741
9171
3430
3061
8592
8612
8484
2407
6556
1247
229
1878
7819
1645
5566
2104
7667
1393
5926
5771
5583
6038
8903
6275
2577
454
3205
3591
2074
1667
1896
4030
3566
3548
8251
2363
6430
8577
974
9591
9385
8166
716
9263
956
3518
704
9254
2160
8108
1456
9478
6531
9680
719
1843
4389
9945
3072
4881
3289
7242
7097
6265
6650
5244
4737
1766
7830
9935
8411
6798
1471
9957
7110
4173
5943
4253
6534
5544
6636
9137
418
74
3867
7300
279
2999
1099
5451
2640
1814
8666
4682
8388
3906
900
3992
5148
1533
8631
433
2079
3687
2702
5301
6075
2554
6202
7347
1669
3301
8151
7648
234
562
7633
416
551
8608
1682
7
6711
2197
6375
8327
7367
2459
3887
6454
453
7855
4976
5033
357
2230
3376
9740
3952
8152
7180
6636
3814
9244
1217
6936
9666
2645
1531
8944
8813
8332
6588
3725
5374
8434
8092
3074
7351
7062
2895
7202
9990
4597
2755
8633
3596
4150
7624
1424
3638
6337
6298
9186
7880
6037
7791
1216
8105
4826
8853
2014
4019
6690
2314
6195
1070
5356
5370
8395
6679
8184
6781
1676
2628
5281
6925
2982
9627
4587
8078
7274
2901
5988
1143
43
1881
4988
2270
5621
5271
6594
3598
7094
8614
4408
5414
9896
5319
793
981
3804
7637
9121
1745
759
2623
5106
2638
8793
7402
2247
7782
30
3211
3593
1378
2527
9120
1605
3397
1766
476
3251
8461
1226
900
7918
5066
234
8263
908
6583
8969
5289
3316
1980
8980
2482
3163
2542
9717
7672
9348
9871
526
6711
1886
2959
3938
3893
7770
9515
4090
9987
983
3212
5278
1869
4883
101
2667
9716
8291
1924
8148
5253
2366
5448
9224
954
5913
6194
7254
3853
5699
7061
7876
6423
2591
5385
4405
148
306
4014
976
7409
791
8756
5719
4576
2481
87
3272
5456
2294
5371
9046
773
8069
831
7756
9081
7191
2509
6098
1641
6125
8840
9004
2487
8497
7564
7240
6598
643
837
9723
8687
5375
6766
3529
3010
3667
3685
7534
233
5186
7801
2016
3885
3994
8182
3516
5171
6139
1123
9874
3736
8375
2309
1826
9958
9092
1088
4768
8115
4877
8303
4821
9944
9933
6050
6216
3168
2622
2190
1850
9312
2074
7084
255
7535
3034
3542
6094
84
3957
3741
7599
9771
1783
3384
983
7412
8036
2665
8404
1160
7706
8901
1217
3261
4641
912
4241
5219
6112
8081
7618
1222
2207
8229
4415
3270
5479
5018
9377
9973
2007
3553
5539
3341
3059
7668
1551
8215
4429
4622
6278
4579
3478
4033
3565
2836
5423
9394
7761
6483
4953
4725
384
5854
6767
4138
158
8267
8237
7511
5386
5892
1818
969
4843
2869
6131
3789
4024
3857
8074
7083
2160
5958
4910
7144
6605
1368
1916
9745
3151
6552
7606
8021
9589
2813
5312
5451
1177
2036
5672
2008
6679
2175
3576
9281
4753
1292
7381
980
9172
9261
4688
9139
243
8674
6714
8291
2265
7598
6220
5198
4441
6853
8768
2371
3328
6432
8756
6641
6321
8153
5554
1740
7029
1387
5125
1687
1669
7945
4173
1187
4652
1640
5594
7325
4917
8210
3550
7484
8652
8058
5019
9571
2281
2382
6173
6822
5022
4085
3845
4300
6033
7764
755
6266
9448
3914
37
9386
5529
8107